KCity : {
 lat : 37.239231667,
 lon : 126.773156667,
 alt : 15.4
 }

Songdo : {
 lat : 37.3843177,
 lon : 126.6553022,
 alt : 15.4
 }

